 d   I_ME (max. entangled, DKZ)            I* (all states, ADGL)                v_crit ME = 2/I_ME     v_crit all = 2/I*
 2  2.828427124746190097603377448    2.828427124746190097603377448    0.707106781187   0.707106781187
 3  2.872934051172335372024396748    2.914854215512676219950203823    0.696152422707   0.686140661635
 4  2.896243218458708353238334342    2.972698267102243830469832428    0.690549739488   0.672789439188
 5  2.910544808072077472513641868    3.015710475522673285523983802    0.687156574416   0.66319363753
 6  2.920203606379063954194027462    3.049700419240848222346296114    0.68488375113    0.655802119901
 7  2.927160942424543083960828253    3.077648311434257628007210561    0.683255905411   0.649846830312
 8  2.932409608704459848248400813    3.101280587905468566855035285    0.682032958173   0.64489488884
 9  2.93650953168142802141797546     3.121684417680055775394584842    0.681080711104   0.640679752467
10  2.939800297927745040587961209    3.139587407734804908553579701    0.680318320061   0.637026379668
